1700082959447
1700083030544
1700083046778
1700083066419
1700083079394
1700083113121
1700083139014
1700083156995
1700083250646
1700083286532
1700083573884
1700083657932
1700083670470
1700083778169
1700083803525
1700083820703
1700083847556
1700083865040
1700083880259
1700083899989
1700084167349
1700084187454
1700084198296
1700084225173
1700084245105
1700084272193
1700084293026
1700087841709
1700088014586
1700088083560
1700088095696
1700088116871
1700088143424
1700088154181
1700088168216
1700088180617
1700088256314
1700088284794
1700088326692
1700088342543
1700088358620
1700088408247
1700088418613
1700088436317
1700088606040
1700088639168
1700088655968
1700088681678
1700088693537
1700088711575
1700088726237
1700088746119
